9487
1781
3978
8304
1601
578
4663
5757
3502
5680
3481
5235
2973
6632
5354
7545
674
1667
3759
1725
1790
9579
6229
963
1531
7821
958
2423
415
1131
4887
6097
1583
5161
9553
5843
6377
6428
3831
7720
9781
9166
4956
3088
7228
1722
2580
6595
1145
3328
3181
4682
5654
3013
7873
9292
9300
5328
5716
4968
2382
9938
4068
9265
2928
6861
868
9802
183
4191
3095
5502
642
4227
4719
4184
7964
2044
7206
3578
9841
3610
8602
3754
2471
9300
6529
8358
7587
3521
6132
1492
9061
4487
9698
8116
9444
3610
3462
47
7061
7071
4303
1078
8107
9472
9682
6822
931
9802
7810
5272
3063
6942
9232
1251
7685
5232
127
4842
3564
6145
5369
5862
368
5730
9025
9971
6168
1005
1193
1073
636
2159
6160
2298
5554
9533
4400
6339
7819
784
8341
4385
2858
3672
8224
3853
9420
6601
4897
85
6653
3146
1421
7815
7942
7298
5798
1062
7401
3056
3036
6015
4521
179
3942
2792
5934
1804
4415
837
7078
1398
2650
7818
2594
1494
9512
7772
8069
5583
1021
5312
1207
1674
7313
1793
4022
4242
1586
6817
2014
6033
2039
3714
739
4486
3783
3162
7043
275
8086
395
770
5210
6975
6166
1528
5358
1281
9214
7351
2059
3945
4241
1347
5580
8044
5224
7011
5164
4198
1643
6304
639
2509
8271
1792
6608
9099
6496
9841
8289
6291
779
8937
5592
717
1055
5168
3440
9659
4956
6367
1529
2008
2374
5125
6423
6794
2297
4100
4935
9101
160
3707
1626
8288
3806
6692
2441
1961
8814
3785
7624
8832
4727
5352
316
2535
4870
6957
4507
6375
7238
8546
1764
5852
4303
6527
5885
837
5785
3649
4440
7022
5484
7691
2759
9040
152
4083
1644
4648
7626
3408
3311
4752
7729
5554
885
769
8647
8226
8319
4712
6094
9717
7114
2936
519
6454
4739
8099
6300
804
8285
2806
6118
6307
5524
8592
1648
5548
9373
487
4702
5047
7154
357
503
5985
3366
1984
451
3917
1437
2710
5354
8953
2639
8786
6914
7307
2406
5152
473
5658
3415
1482
6989
1992
5421
3561
1873
4243
8462
5145
2350
946
5580
1538
5946
5620
6414
9828
9698
7952
8576
9962
5498
787
2038
9810
209
3117
6948
9157
9046
9878
4507
5639
9451
3320
2753
2981
3663
2030
9417
5342
6664
447
5834
3723
8329
478
5259
5780
1255
6001
4800
9498
5501
6415
6740
7371
2884
9204
9464
7892
3263
5308
6890
9107
2533
2859
4731
8511
6654
5345
3041
6662
2433
8992
7409
700
5410
3884
9213
5809
2889
565
6948
1972
7667
406
7899
613
3707
6232
5615
6077
5308
9959
5217
9104
3271
7291
7487
1713
2803
1794
4397
8207
9503
105
3125
2986
9688
670
1966
2817
9010
1898
6507
4849
7309
5685
9050
1863
2855
6956
6562
9844
1903
5438
7560
5970
365
1958
1185
4043
9771
5423
9365
560
2823
930
4520
4521
4867
864
536
2993
5598
8890
983
7728
6585
8809
532
9515
4157
5623
1608
9069
8830
2648
8274
5486
425
3497
5420
3827
330
4620
2653
7299
2059
6804
6270
5106
2862
1953
515
7971
9838
185
8838
3375
9471
9374
4855
5942
2168
2856
9590
1453
9465
5583
4466
8223
2936
2304
5062
1663
5037
662
1948
524
3299
9465
1924
5671
313
7127
6778
9878
3948
7911
5893
8954
3405
3588
1672
4213
5024
5754
6492
9810
1611
7867
3531
1341
827
7186
9421
8960
9043
8359
2701
2251
5673
2132
2304
3822
520
5269
9992
3704
4095
9587
1741
5144
3112
8909
6817
6297
908
6255
3259
873
2578
8562
209
6091
7414
520
7530
8128
6352
216
879
1152
7678
2570
6241
7312
5418
3551
7819
990
4315
7261
9372
1501
8366
376
2112
7580
3980
9056
6239
6005
7269
9258
9296
2608
5787
6668
4084
1108
6709
6028
409
7507
2032
9967
9471
960
4247
4478
4444
167
5203
3211
256
9889
342
7029
2026
5981
9529
8601
6415
3882
7568
5586
7367
1157
620
2553
9035
679
1839
957
2143
1078
2279
5796
1058
16
3628
5008
6555
4725
8653
2236
2051
4387
3754
4568
6501
344
5627
9195
7061
4894
4061
1915
2281
9567
4609
8875
894
4256
1380
5969
7618
2538
947
8587
3403
331
3867
493
3450
7904
9763
7250
4211
404
1562
1071
9836
822
9822
3057
6717
2624
7846
6815
6738
5502
1921
6358
7416
7620
119
9917
3776
895
8105
5457
52
8603
7659
9255
8130
4116
3721
1993
3970
4088
659
4108
3445
2975
5281
2755
3634
1214
619
2930
5140
3169
2190
7720
2710
6996
4371
8549
3506
8121
3069
8622
3990
4992
7155
4953
6765
9632
3397
2455
742
2472
1962
348
2392
42
3190
8395
6619
1752
387
2007
5152
943
8900
2171
5663
3535
8430
9822
396
5575
7339
8256
103
8772
9836
6860
8073
7880
3626
8817
6957
8247
5614
2590
6874
5310
1329
2805
7732
8272
1926
8357
2683
8136
3319
7420
7876
7846
6120
6034
6910
3475
7172
3670
3031
4702
2685
4779
4865
7471
2630
9257
8154
4979
11
269
4606
3746
743
4747
6329
2014
8468
7876
2803
163
9458
2838
2452
9066
5370
6348
121
242
4583
4126
174
1013
5491
9852
9818
4631
9495
6662
9310
5147
9671
6255
1736
2082
6113
3896
9862
2422
2078
8293
9697
7466
9117
3370
2170
4377
2883
6103
4399
2057
120
6874
9074
5913
3458
9620
4682
3314
6446
8996
9303
7725
6764
9763
3805
4802
9735
760
5368
2832
3953
2506
5367
7684
5824
9038
4168
9009
3679
6471
8680
1635
9783
5579
9893
87
9115
4085
2536
3795
979
3946
8734
2624
2502
9672
7721
9339
274
8320
9656
4369
26
8019
2157
5651
8250
4031
8104
1866
8865
9917
3216
8230
9592
4642
9782
3295
4608
1850
7282
97
718
3777
1682
9890
9183
3252
1594
8675
8503
9475
3464
9985
5965
9989
722
637
8072
2463
1124
7570
7713
2800
685
4516
2367
